Function Evaluations:  509
Solutions Explored:    509
Pareto front size:     6
In Joint Pareto:       6
Not In Joint Pareto:   0
Average Cycle Time:    1 day, 2:39:57.050837
Average Resource Cost: 14023619.234887
------------------------- METRICS --------------------------
# Hyperarea Ratio:     1.000000
# Hausdorff Distance:  0.000000
# Delta Metric:        1.041902
# Purity Metric:       1.000000
--------------- OPTIMAL RESOURCE ALLOCATIONS ----------------
[[63488, 63488, 63488, 63488, 63488, 0, 0]_[63488, 63488, 63488, 63488, 63488, 0, 0]_[65280, 32640, 32640, 32640, 64512, 0, 0]_[63488, 65280, 65280, 65280, 65024, 0, 0]_[63488, 63488, 63488, 63488, 63488, 0, 0]] -> [aCost: 13505090.73, cTime: 1 day, 10:31:11.968347]
[[63488, 65024, 63488, 64512, 63488, 0, 0]_[65024, 65024, 65024, 65024, 65024, 0, 0]_[65280, 65280, 65280, 65280, 64512, 0, 0]_[63488, 65280, 65280, 65280, 65024, 0, 0]_[63488, 63488, 63488, 63488, 63488, 0, 0]] -> [aCost: 13931864.89, cTime: 1 day, 2:51:10.743468]
[[64512, 65280, 63488, 65024, 64512, 0, 0]_[65280, 65280, 65280, 65280, 65280, 0, 0]_[65280, 65280, 65280, 65280, 64512, 0, 0]_[63488, 65280, 65280, 65280, 65024, 0, 0]_[63488, 63488, 63488, 63488, 63488, 0, 0]] -> [aCost: 14797130.03, cTime: 22:25:45.611236]
[[63488, 65024, 63488, 64512, 64512, 0, 0]_[65280, 65280, 65024, 65280, 65280, 0, 0]_[65280, 65280, 65280, 65280, 64512, 0, 0]_[63488, 65280, 65280, 65280, 65024, 0, 0]_[63488, 63488, 63488, 63488, 63488, 0, 0]] -> [aCost: 13929909.65, cTime: 1 day, 2:57:24.998572]
[[65024, 65280, 63488, 65024, 64512, 0, 0]_[32640, 32640, 32640, 32640, 32640, 0, 0]_[65280, 65280, 65280, 65280, 64512, 0, 0]_[63488, 65280, 65280, 65280, 65024, 0, 0]_[63488, 63488, 63488, 63488, 63488, 0, 0]] -> [aCost: 14031241.83, cTime: 23:10:14.168918]
[[65024, 65280, 63488, 65024, 64512, 0, 0]_[32640, 32640, 32640, 32640, 65280, 0, 0]_[65280, 65280, 65280, 65280, 64512, 0, 0]_[63488, 65280, 65280, 65280, 65024, 0, 0]_[63488, 63488, 63488, 63488, 63488, 0, 0]] -> [aCost: 13946478.28, cTime: 1 day, 2:03:54.814485]
